4
5
6
7
8
9
10
11
12
13
14
15
16
19
21
22
23
24
25
28
30
31
32
33
34
35
36
37
39
40
41
42
43
45
47
49
50
51
52
53
54
55
56
57
58
59
61
62
63
64
66
68
69
70
71
73
77
79
81
84
87
88
89
95
97
98
99
103
106
108
109
110
111
113
114
116
122
123
127
128
129
131
136
137
141
142
143
144
145
147
148
149
150
159
160
162
167
172
182
197
207
209
215
218
222
223
227
258
259
276
308
328
349
350
351
359
367
385
399
454
456
473
475
479
519
524
579
596
608
617
630
646
683
742
769
787
849
874
938
939
947
965
1003
1009
1021
1039
1065
1215
1235
1423
1495
1589
1629
1640
1705
1721
1979
2025
2055
2156
2185
2220
2282
2512
2661
2744
2864
3226
3486
3559
4288
4395
4832
4839
5030
5214
5457
5844
7606
8061
9131
10431
10975
12905
14314
14434
15157
15483
15698
17487
18134
18212
19385
20343
22209
23367
24303
25522
25606
27779
27785
28696
31954
34437
35227
35524
37249
37457
41552
44128
45152
